10
1.31538 4.5865 2.18959 6.78865 9.34693 5.19416 0.345721 5.297 0.0769819 0.668422 
6.86773 9.30436 5.26929 6.53919 7.01191 7.62198 0.474645 3.28234 7.5641 3.65339 
9.8255 7.53356 0.726859 8.84707 4.36411 4.77732 2.74907 1.66507 8.97656 0.605643 
5.04523 3.19033 4.93977 0.907329 0.737491 3.84142 9.13817 4.64446 0.50084 7.70205 
1.25365 6.88455 6.29543 7.25412 8.88572 3.06322 5.13274 8.45982 8.41511 4.15395 
4.67917 1.78328 5.71655 0.330538 4.9848 7.48293 8.90737 8.4204 2.12752 1.30427 
2.74588 4.14293 7.0982 2.39911 3.1754 6.52059 6.81346 3.87725 1.47533 8.45576 
9.55409 1.48152 4.08767 5.64899 4.88515 9.61095 1.99757 6.29269 6.51254 8.03073 
4.76432 2.0325 9.01673 1.42021 4.10313 8.85648 1.62199 3.65339 1.35109 4.55307 
4.523 9.31674 2.15248 9.08922 8.6086 5.05956 8.17561 4.62245 6.32739 8.24697 
